Pt                R               X               Y             E(hartree)
  2        3.89372105        5.38288500        4.65979500      -63.61806398
  2        3.90670808        5.55914000        4.93303500      -63.61614979
  2        3.86138090        5.37587000        5.37861500      -63.61090873
  2        3.80322255        5.70484500        5.28531000      -63.60834730
  2        3.64178372        6.40517500        5.56943500      -63.60676419
  3        3.85805805        5.24745000        6.43342500      -63.81528966
  3        3.82030093       11.59308000        4.02734000      -63.80385645
  3        3.50517183        6.62242000        6.82162500      -63.80074246
  4        5.18682906        5.48180500        4.95392500      -63.99374957
  4        3.97461186        5.86657000        5.22088000      -63.98655197
  4        5.13678697        5.54407500        4.94876000      -63.98431586
  4        4.28811887        5.38612500        6.13495000      -63.98279501
  4        3.86520497        5.37692500        4.59849000      -63.98013561
  4        4.03090017        6.13022000        6.02948000      -63.97978881
  5        5.39972875        5.23525500        4.87170500      -64.17409979
  5        5.21241401        5.37740000        4.72219500      -64.16753343
  6        6.13460889        5.75065000        5.14700500      -64.34995618
  6        6.31017322        5.58723000        4.98782500      -64.33999954
  6        6.22677460        5.86609000        4.97520500      -64.33812100
  6        5.77493073        5.63786000        4.12035000      -64.33679009
  6        6.09354302        5.21955500        4.86348000      -64.33536184
  7        6.32557514        6.54600000        5.83962000      -64.53719292
  7        6.33017073        5.14585500        7.34869000      -64.53335308
  7        7.67585194        5.68591000        5.73549000      -64.53280201
  7        7.42298211        5.45572000        5.75902000      -64.53197053
  7        6.84626611        5.23750000        3.70698000      -64.52954909
  7        6.22828977        5.40786500        5.50160500      -64.52452918
  7        7.69371770        5.02266500        5.68602000      -64.52354446
  8        7.09594153        4.70929000        5.84040000      -64.71585149
  8        7.02663150        5.12490500        4.51776500      -64.70877297
  8        7.07134993        5.23289500        5.23935000      -64.70480411
  8        6.29560749        5.02807500        4.86255000      -64.70363046
  8        6.65894077        5.20765500        6.72442500      -64.70264715
