Pt                R               X               Y               E
  2        3.89372105        5.38288500        4.65979500      1.09778751
  2        3.90670808        5.55914000        4.93303500      1.0997017
  2        3.86138090        5.37587000        5.37861500      1.10494276
  2        3.80322255        5.70484500        5.28531000      1.10750419
  2        3.64178372        6.40517500        5.56943500      1.10750419
  3        3.85805805        5.24745000        6.43342500      0.90056183
  3        3.82030093       11.59308000        4.02734000      0.91199504
  3        3.50517183        6.62242000        6.82162500      0.91510903
  4        5.18682906        5.48180500        4.95392500      0.72210192
  4        3.97461186        5.86657000        5.22088000      0.72929952
  4        5.13678697        5.54407500        4.94876000      0.73153563
  4        4.28811887        5.38612500        6.13495000      0.73305648
  4        3.86520497        5.37692500        4.59849000      0.73571588
  4        4.03090017        6.13022000        6.02948000      0.73606268
  5        5.39972875        5.23525500        4.87170500      0.5417517
  5        5.21241401        5.37740000        4.72219500      0.54831806
  6        6.13460889        5.75065000        5.14700500      0.36589531
  6        6.31017322        5.58723000        4.98782500      0.37585195
  6        6.22677460        5.86609000        4.97520500      0.37773049
  6        5.77493073        5.63786000        4.12035000      0.3790614
  6        6.09354302        5.21955500        4.86348000      0.38048965
  7        6.32557514        6.54600000        5.83962000      0.17865857
  7        6.33017073        5.14585500        7.34869000      0.18249841
  7        7.67585194        5.68591000        5.73549000      0.18304948
  7        7.42298211        5.45572000        5.75902000      0.18388096
  7        6.84626611        5.23750000        3.70698000      0.1863024
  7        6.22828977        5.40786500        5.50160500      0.19132231
  7        7.69371770        5.02266500        5.68602000      0.19230703
  8        7.09594153        4.70929000        5.84040000      0.0
  8        7.02663150        5.12490500        4.51776500      0.00707852
  8        7.07134993        5.23289500        5.23935000      0.01104738
  8        6.29560749        5.02807500        4.86255000      0.01222103
  8        6.65894077        5.20765500        6.72442500      0.01320434
