 Pt           R                 X                Y               E
  7       4.23778750      21.80585824      20.20094708       0.17865857 
  9       4.41237850      23.78820899      32.44394530      -0.18676384 
  2       3.02835400      83.25873147      24.79207141       1.09970170 
  4       3.09045000      40.30779857      18.67057230       0.73606268 
  7       4.23778750       3.30391792       1.53037478       0.17865857 
  7       4.49813300      54.18425381      23.56777159       0.18630240 
  8       4.22280370      60.13130606       3.06074956       0.01222103 
  7       4.91292590      56.82738815      33.66824513       0.18304948 
  8       4.22280370      78.63324639       0.00000000       0.01222103 
  2       3.00569040      36.34309707      32.13787035       1.10494276 
  5       3.68120700      28.41369407       5.81542416       0.54831806 
  8       4.61067490      51.54111948      11.63084832       0.01104738 
  8       4.22280370      40.30779857       2.44859965       0.01222103 
  6       4.18838730      70.04305981      27.54674601       0.37773049 
  7       4.49813300      45.59406723      39.17759433       0.18630240 
  6       4.18838730      72.68619414       7.03972398       0.37773049 
  2       3.00569040       1.32156717      12.54907318       1.10494276 
  4       3.09045000      35.68231349      38.56544442       0.73606268 
  2       2.97661120      10.57253733      10.71262345       1.10750419 
  6       4.14230440      75.32932847      20.50702203       0.36589531 
  3       2.98515040      67.39992548      37.95329451       0.91199504 
  6       4.23008660       3.96470150      28.77104584       0.37585195 
  4       3.21905940      82.59794789      34.58646999       0.73305648 
  2       3.02835400      40.30779857      25.40422132       1.09970170 
  6       4.18838730      83.91951505      16.22197265       0.37773049 
  7       4.18914480      11.23332091      24.48599646       0.19132231 
  5       3.77486430      62.77444039      23.56777159       0.54175170 
  8       4.22280370      63.43522398      13.16122310       0.01222103 
 10       4.63337220      36.34309707      11.32477336      -0.37404952 
  7       4.23778750      16.51958958       3.06074956       0.17865857 
  4       3.00760240       9.91175375      38.87151937       0.73571588 
  3       2.82758590      17.18037316      11.32477336       0.91510903 
  5       3.68120700      75.32932847      37.95329451       0.54831806 
  6       4.14230440       3.30391792      19.89487212       0.36589531 
  2       3.00569040      44.27250007       8.57009876       1.10494276 
  2       3.02835400      46.91563440      26.93459610       1.09970170 
  4       3.09045000      70.70384339       0.00000000       0.73606268 
  4       3.64339340      49.55876873       3.36682451       0.73153563 
  3       3.00402900      85.24108222       5.20327425       0.90056183 
  3       2.82758590      46.91563440      19.28272221       0.91510903 
  4       3.06230590      28.41369407      14.69159787       0.72929952 
  2       3.00569040      10.57253733      32.75002026       1.10494276 
  8       4.61067490       1.32156717      37.34114460       0.01104738 
  4       3.00760240      33.03917915      24.79207141       0.73571588 
  4       3.66841450      17.84115674      38.25936946       0.72210192 
  4       3.06230590      28.41369407      39.48366929       0.72929952 
  4       3.00760240      24.44899257       0.30607496       0.73571588 
  4       3.00760240      71.36462697      14.38552292       0.73571588 
  2       2.97661120      16.51958958      29.68927070       1.10750419 
  4       3.09045000      12.55488808      16.83412256       0.73606268 
