Pt                R               X               Y               E
  2        3.0218605       0.00000000          0.00000000    1.09778751
  2        3.0283540       0.00000000          0.00000000    1.09970170
  2        3.0056904       0.00000000          0.00000000    1.10494276
  2        2.9766112       0.00000000          0.00000000    1.10750419
  2        2.8958918       0.00000000          0.00000000    1.10750419
  3        3.0040290       0.00000000          0.00000000    0.90056183
  3        2.9851504       0.00000000          0.00000000    0.91199504
  3        2.8275859       0.00000000          0.00000000    0.91510903
  4        3.6684145       0.00000000          0.00000000    0.72210192
  4        3.0623059       0.00000000          0.00000000    0.72929952
  4        3.6433934       0.00000000          0.00000000    0.73153563
  4        3.2190594       0.00000000          0.00000000    0.73305648
  4        3.0076024       0.00000000          0.00000000    0.73571588
  4        3.0904500       0.00000000          0.00000000    0.73606268
  5        3.7748643       0.00000000          0.00000000    0.54175170
  5        3.6812070       0.00000000          0.00000000    0.54831806
  6        4.1423044       0.00000000          0.00000000    0.36589531
  6        4.2300866       0.00000000          0.00000000    0.37585195
  6        4.1883873       0.00000000          0.00000000    0.37773049
  6        3.9624653       0.00000000          0.00000000    0.37906140
  6        4.1217715       0.00000000          0.00000000    0.38048965
  7        4.2377875       0.00000000          0.00000000    0.17865857
  7        4.2400853       0.00000000          0.00000000    0.18249841
  7        4.9129259       0.00000000          0.00000000    0.18304948
  7        4.7864910       0.00000000          0.00000000    0.18388096
  7        4.4981330       0.00000000          0.00000000    0.18630240
  7        4.1891448       0.00000000          0.00000000    0.19132231
  7        4.9218588       0.00000000          0.00000000    0.19230703
  8        4.6229707       0.00000000          0.00000000    0.00000000
  8        4.5883157       0.00000000          0.00000000    0.00707852
  8        4.6106749       0.00000000          0.00000000    0.01104738
  8        4.2228037       0.00000000          0.00000000    0.01222103
  8        4.4044703       0.00000000          0.00000000    0.01320434
  9        4.4123785       0.00000000          0.00000000   -0.186763837
 10        4.6333722       0.00000000          0.00000000   -0.374049522
 11        4.8332853       0.00000000          0.00000000   -0.561773144
 12        5.0157917       0.00000000          0.00000000   -0.749870538
 13        5.1836812       0.00000000          0.00000000   -0.9382914
 14        5.3391227       0.00000000          0.00000000   -1.126995478
 15        5.4838353       0.00000000          0.00000000   -1.315949995
 16        5.6192048       0.00000000          0.00000000   -1.505127864
 17        5.7463649       0.00000000          0.00000000   -1.694506412
 18        5.8662547       0.00000000          0.00000000   -1.884066446 
 19        5.9796607       0.00000000          0.00000000   -2.073791555  
 20        6.0872484       0.00000000          0.00000000   -2.263667588  
 21        6.1895858       0.00000000          0.00000000   -2.453682244  
 22        6.2871615       0.00000000          0.00000000   -2.643824755  
 23        6.3803991       0.00000000          0.00000000   -2.834085635  
 24        6.4696679       0.00000000          0.00000000   -3.024456478  
 25        6.5552920       0.00000000          0.00000000   -3.214929797  
 26        6.6375574       0.00000000          0.00000000   -3.405498891  
 27        6.7167178       0.00000000          0.00000000   -3.596157734  
 28        6.7929989       0.00000000          0.00000000   -3.786900886 
 29        6.8666030       0.00000000          0.00000000   -3.97772342   
 30        6.9377115       0.00000000          0.00000000   -4.168620851  
 31        7.0064881       0.00000000          0.00000000   -4.35958909   
 32        7.0730810       0.00000000          0.00000000   -4.550624393  
 33        7.1376246       0.00000000          0.00000000   -4.741723326  
 34        7.2002412       0.00000000          0.00000000   -4.932882726  
 35        7.2610425       0.00000000          0.00000000   -5.124099677  
 36        7.3201309       0.00000000          0.00000000   -5.31537148   
 37        7.3776003       0.00000000          0.00000000   -5.506695636  
 38        7.4335369       0.00000000          0.00000000   -5.698069822 
 39        7.4880205       0.00000000          0.00000000   -5.889491876 
 40        7.5411246       0.00000000          0.00000000   -6.080959783 
 41        7.5929174       0.00000000          0.00000000   -6.27247166  
 42        7.6434620       0.00000000          0.00000000   -6.464025746 
 43        7.6928172       0.00000000          0.00000000   -6.655620389
 44        7.7410377       0.00000000          0.00000000   -6.847254039 
 45        7.7881745       0.00000000          0.00000000   -7.03892524  
 46        7.8342753       0.00000000          0.00000000   -7.230632619 
 47        7.8793845       0.00000000          0.00000000   -7.422374883 
 48        7.9235441       0.00000000          0.00000000   -7.614150813
 49        7.9667930       0.00000000          0.00000000   -7.805959253  
 50        8.0091682       0.00000000          0.00000000   -7.997799114  
 51        8.0507042       0.00000000          0.00000000   -8.189669362  
 52        8.0914337       0.00000000          0.00000000   -8.381569016  
 53        8.1313872       0.00000000          0.00000000   -8.573497145  
 54        8.1705940       0.00000000          0.00000000   -8.765452867  
 55        8.2090813       0.00000000          0.00000000   -8.957435339  
 56        8.2468751       0.00000000          0.00000000   -9.149443761  
 57        8.2840000       0.00000000          0.00000000   -9.34147737   
 58        8.3204792       0.00000000          0.00000000   -9.53353544  
 59        8.3563347       0.00000000          0.00000000   -9.725617275  
 60        8.3915877       0.00000000          0.00000000   -9.917722213  
 61        8.4262579       0.00000000          0.00000000   -10.10984962  
 62        8.4603643       0.00000000          0.00000000   -10.30199889  
 63        8.4939250       0.00000000          0.00000000   -10.49416943  
 64        8.5269572       0.00000000          0.00000000   -10.68636071  
 65        8.5594773       0.00000000          0.00000000   -10.87857217  
 66        8.5915008       0.00000000          0.00000000   -11.07080332  
 67        8.6230427       0.00000000          0.00000000   -11.26305365  
 68        8.6541174       0.00000000          0.00000000   -11.4553227  
 69        8.6847383       0.00000000          0.00000000   -11.64761001  
 70        8.7149187       0.00000000          0.00000000   -11.83991514  
 71        8.7446710       0.00000000          0.00000000   -12.03223769  
 72        8.7740071       0.00000000          0.00000000   -12.22457724  
 73        8.8029386       0.00000000          0.00000000   -12.4169334   
 74        8.8314765       0.00000000          0.00000000   -12.6093058   
 75        8.8596313       0.00000000          0.00000000   -12.80169407  
 76        8.8874131       0.00000000          0.00000000   -12.99409788  
 77        8.9148318       0.00000000          0.00000000   -13.18651687  
 78        8.9418967       0.00000000          0.00000000   -13.37895074 
 79        8.9686168       0.00000000          0.00000000   -13.57139915  
 80        8.9950008       0.00000000          0.00000000   -13.76386181  
 81        9.0210571       0.00000000          0.00000000   -13.95633842  
 82        9.0467936       0.00000000          0.00000000   -14.14882871  
 83        9.0722181       0.00000000          0.00000000   -14.34133239  
 84        9.0973382       0.00000000          0.00000000   -14.5338492   
 85        9.1221610       0.00000000          0.00000000   -14.72637888  
 86        9.1466934       0.00000000          0.00000000   -14.91892118  
 87        9.1709422       0.00000000          0.00000000   -15.11147587  
 88        9.1949139       0.00000000          0.00000000   -15.30404269 
 89        9.2186147       0.00000000          0.00000000   -15.49662144  
 90        9.2420507       0.00000000          0.00000000   -15.68921188  
 91        9.2652278       0.00000000          0.00000000   -15.8818138   
 92        9.2881515       0.00000000          0.00000000   -16.07442699  
 93        9.3108274       0.00000000          0.00000000   -16.26705126  
 94        9.3332608       0.00000000          0.00000000   -16.4596864   
 95        9.3554567       0.00000000          0.00000000   -16.65233223  
 96        9.3774203       0.00000000          0.00000000   -16.84498856  
 97        9.3991562       0.00000000          0.00000000   -17.0376552   
 98        9.4206692       0.00000000          0.00000000   -17.23033199 
 99        9.4419638       0.00000000          0.00000000   -17.42301875 
100        9.4630444       0.00000000          0.00000000   -17.61571531
101        9.48391528      0.00000000          0.00000000    -17.80842153
102        9.50458048      0.00000000          0.00000000    -18.00113722
103        9.52504405      0.00000000          0.00000000    -18.19386225
104        9.54530991      0.00000000          0.00000000    -18.38659646
105        9.56538183      0.00000000          0.00000000    -18.57933971
106        9.58526350      0.00000000          0.00000000    -18.77209186
107        9.60495848      0.00000000          0.00000000    -18.96485276
108        9.62447025      0.00000000          0.00000000    -19.15762228
109        9.64380218      0.00000000          0.00000000    -19.35040029
110        9.66295757      0.00000000          0.00000000    -19.54318667
111        9.68193960      0.00000000          0.00000000    -19.73598128
112        9.70075138      0.00000000          0.00000000    -19.92878400
113        9.71939595      0.00000000          0.00000000    -20.12159472
114        9.73787625      0.00000000          0.00000000    -20.31441332
115        9.75619514      0.00000000          0.00000000    -20.50723968
116        9.77435543      0.00000000          0.00000000    -20.70007369
117        9.79235983      0.00000000          0.00000000    -20.89291524
118        9.81021100      0.00000000          0.00000000    -21.08576423
119        9.82791153      0.00000000          0.00000000    -21.27862055
120        9.84546393      0.00000000          0.00000000    -21.47148411
121        9.86287067      0.00000000          0.00000000    -21.66435479
122        9.88013414      0.00000000          0.00000000    -21.85723251
123        9.89725669      0.00000000          0.00000000    -22.05011717
124        9.91424058      0.00000000          0.00000000    -22.24300867
125        9.93108806      0.00000000          0.00000000    -22.43590692
126        9.94780130      0.00000000          0.00000000    -22.62881185
127        9.96438241      0.00000000          0.00000000    -22.82172334
128        9.98083348      0.00000000          0.00000000    -23.01464134
129        9.99715652      0.00000000          0.00000000    -23.20756574
130        10.01335351      0.00000000          0.00000000    -23.40049646
131        10.02942639      0.00000000          0.00000000    -23.59343344
132        10.04537703      0.00000000          0.00000000    -23.78637658
133        10.06120730      0.00000000          0.00000000    -23.97932581
134        10.07691898      0.00000000          0.00000000    -24.17228105
135        10.09251385      0.00000000          0.00000000    -24.36524223
136        10.10799362      0.00000000          0.00000000    -24.55820929
137        10.12335999      0.00000000          0.00000000    -24.75118214
138        10.13861460      0.00000000          0.00000000    -24.94416071
139        10.15375907      0.00000000          0.00000000    -25.13714495
140        10.16879498      0.00000000          0.00000000    -25.33013477
141        10.18372387      0.00000000          0.00000000    -25.52313012
142        10.19854725      0.00000000          0.00000000    -25.71613093
143        10.21326661      0.00000000          0.00000000    -25.90913714
144        10.22788340      0.00000000          0.00000000    -26.10214868
145        10.24239902      0.00000000          0.00000000    -26.29516549
146        10.25681489      0.00000000          0.00000000    -26.48818752
147        10.27113235      0.00000000          0.00000000    -26.68121470
148        10.28535274      0.00000000          0.00000000    -26.87424697
149        10.29947738      0.00000000          0.00000000    -27.06728429
150        10.31350753      0.00000000          0.00000000    -27.26032659
151        10.32744446      0.00000000          0.00000000    -27.45337382
152        10.34128939      0.00000000          0.00000000    -27.64642592
153        10.35504354      0.00000000          0.00000000    -27.83948284
154        10.36870808      0.00000000          0.00000000    -28.03254454
155        10.38228418      0.00000000          0.00000000    -28.22561095
156        10.39577298      0.00000000          0.00000000    -28.41868203
157        10.40917558      0.00000000          0.00000000    -28.61175773
158        10.42249308      0.00000000          0.00000000    -28.80483799
159        10.43572656      0.00000000          0.00000000    -28.99792279
160        10.44887708      0.00000000          0.00000000    -29.19101205
161        10.46194566      0.00000000          0.00000000    -29.38410575
162        10.47493331      0.00000000          0.00000000    -29.57720382
163        10.48784105      0.00000000          0.00000000    -29.77030624
164        10.50066983      0.00000000          0.00000000    -29.96341295
165        10.51342063      0.00000000          0.00000000    -30.15652392
166        10.52609439      0.00000000          0.00000000    -30.34963909
167        10.53869202      0.00000000          0.00000000    -30.54275843
168        10.55121445      0.00000000          0.00000000    -30.73588190
169        10.56366255      0.00000000          0.00000000    -30.92900945
170        10.57603722      0.00000000          0.00000000    -31.12214105
171        10.58833931      0.00000000          0.00000000    -31.31527665
172        10.60056967      0.00000000          0.00000000    -31.50841622
173        10.61272912      0.00000000          0.00000000    -31.70155972
174        10.62481849      0.00000000          0.00000000    -31.89470711
175        10.63683858      0.00000000          0.00000000    -32.08785836
176        10.64879018      0.00000000          0.00000000    -32.28101342
177        10.66067406      0.00000000          0.00000000    -32.47417227
178        10.67249100      0.00000000          0.00000000    -32.66733486
179        10.68424173      0.00000000          0.00000000    -32.86050117
180        10.69592699      0.00000000          0.00000000    -33.05367115
181        10.70754752      0.00000000          0.00000000    -33.24684478
182        10.71910403      0.00000000          0.00000000    -33.44002202
183        10.73059721      0.00000000          0.00000000    -33.63320284
184        10.74202775      0.00000000          0.00000000    -33.82638720
185        10.75339634      0.00000000          0.00000000    -34.01957508
186        10.76470365      0.00000000          0.00000000    -34.21276644
187        10.77595032      0.00000000          0.00000000    -34.40596125
188        10.78713702      0.00000000          0.00000000    -34.59915949
189        10.79826436      0.00000000          0.00000000    -34.79236111
190        10.80933299      0.00000000          0.00000000    -34.98556610
191        10.82034352      0.00000000          0.00000000    -35.17877442
192        10.83129654      0.00000000          0.00000000    -35.37198604
193        10.84219267      0.00000000          0.00000000    -35.56520094
194        10.85303249      0.00000000          0.00000000    -35.75841909
195        10.86381657      0.00000000          0.00000000    -35.95164045
196        10.87454550      0.00000000          0.00000000    -36.14486501
197        10.88521982      0.00000000          0.00000000    -36.33809273
198        10.89584010      0.00000000          0.00000000    -36.53132359
199        10.90640687      0.00000000          0.00000000    -36.72455756
200        10.91692068      0.00000000          0.00000000    -36.91779462
201        10.92738204      0.00000000          0.00000000    -37.11103474
202        10.93779150      0.00000000          0.00000000    -37.30427789
203        10.94814954      0.00000000          0.00000000    -37.49752406
204        10.95845669      0.00000000          0.00000000    -37.69077321
205        10.96871343      0.00000000          0.00000000    -37.88402533
206        10.97892026      0.00000000          0.00000000    -38.07728038
207        10.98907767      0.00000000          0.00000000    -38.27053835
208        10.99918612      0.00000000          0.00000000    -38.46379921
209        11.00924609      0.00000000          0.00000000    -38.65706294
210        11.01925805      0.00000000          0.00000000    -38.85032951
211        11.02922243      0.00000000          0.00000000    -39.04359891
212        11.03913971      0.00000000          0.00000000    -39.23687111
213        11.04901032      0.00000000          0.00000000    -39.43014609
214        11.05883469      0.00000000          0.00000000    -39.62342382
215        11.06861326      0.00000000          0.00000000    -39.81670430
216        11.07834646      0.00000000          0.00000000    -40.00998749
217        11.08803470      0.00000000          0.00000000    -40.20327337
218        11.09767839      0.00000000          0.00000000    -40.39656193
219        11.10727795      0.00000000          0.00000000    -40.58985314
220        11.11683378      0.00000000          0.00000000    -40.78314699
221        11.12634627      0.00000000          0.00000000    -40.97644345
222        11.13581581      0.00000000          0.00000000    -41.16974250
223        11.14524279      0.00000000          0.00000000    -41.36304413
224        11.15462759      0.00000000          0.00000000    -41.55634832
225        11.16397059      0.00000000          0.00000000    -41.74965504
226        11.17327216      0.00000000          0.00000000    -41.94296428
227        11.18253266      0.00000000          0.00000000    -42.13627602
228        11.19175246      0.00000000          0.00000000    -42.32959025
229        11.20093190      0.00000000          0.00000000    -42.52290694
230        11.21007135      0.00000000          0.00000000    -42.71622607
231        11.21917115      0.00000000          0.00000000    -42.90954764
232        11.22823164      0.00000000          0.00000000    -43.10287161
233        11.23725316      0.00000000          0.00000000    -43.29619798
234        11.24623604      0.00000000          0.00000000    -43.48952673
235        11.25518062      0.00000000          0.00000000    -43.68285783
236        11.26408721      0.00000000          0.00000000    -43.87619128
237        11.27295615      0.00000000          0.00000000    -44.06952706
238        11.28178774      0.00000000          0.00000000    -44.26286515
239        11.29058230      0.00000000          0.00000000    -44.45620553
240        11.29934014      0.00000000          0.00000000    -44.64954820
241        11.30806157      0.00000000          0.00000000    -44.84289312
242        11.31674688      0.00000000          0.00000000    -45.03624030
243        11.32539638      0.00000000          0.00000000    -45.22958971
244        11.33401035      0.00000000          0.00000000    -45.42294133
245        11.34258910      0.00000000          0.00000000    -45.61629516
246        11.35113290      0.00000000          0.00000000    -45.80965117
247        11.35964204      0.00000000          0.00000000    -46.00300936
248        11.36811680      0.00000000          0.00000000    -46.19636970
249        11.37655745      0.00000000          0.00000000    -46.38973219
250        11.38496428      0.00000000          0.00000000    -46.58309681
251        11.39333754      0.00000000          0.00000000    -46.77646355
252        11.40167751      0.00000000          0.00000000    -46.96983238
253        11.40998445      0.00000000          0.00000000    -47.16320330
254        11.41825863      0.00000000          0.00000000    -47.35657630
255        11.42650029      0.00000000          0.00000000    -47.54995136
256        11.43470969      0.00000000          0.00000000    -47.74332847
257        11.44288709      0.00000000          0.00000000    -47.93670761
258        11.45103273      0.00000000          0.00000000    -48.13008877
259        11.45914686      0.00000000          0.00000000    -48.32347194
260        11.46722972      0.00000000          0.00000000    -48.51685710
261        11.47528155      0.00000000          0.00000000    -48.71024425
262        11.48330260      0.00000000          0.00000000    -48.90363336
263        11.49129308      0.00000000          0.00000000    -49.09702444
264        11.49925324      0.00000000          0.00000000    -49.29041746
265        11.50718331      0.00000000          0.00000000    -49.48381241
266        11.51508351      0.00000000          0.00000000    -49.67720928
267        11.52295406      0.00000000          0.00000000    -49.87060807
268        11.53079519      0.00000000          0.00000000    -50.06400875
269        11.53860712      0.00000000          0.00000000    -50.25741131
270        11.54639006      0.00000000          0.00000000    -50.45081575
271        11.55414423      0.00000000          0.00000000    -50.64422205
272        11.56186983      0.00000000          0.00000000    -50.83763021
273        11.56956709      0.00000000          0.00000000    -51.03104020
274        11.57723620      0.00000000          0.00000000    -51.22445202
275        11.58487738      0.00000000          0.00000000    -51.41786566
276        11.59249082      0.00000000          0.00000000    -51.61128110
277        11.60007672      0.00000000          0.00000000    -51.80469835
278        11.60763529      0.00000000          0.00000000    -51.99811737
279        11.61516671      0.00000000          0.00000000    -52.19153817
280        11.62267119      0.00000000          0.00000000    -52.38496074
281        11.63014892      0.00000000          0.00000000    -52.57838506
282        11.63760008      0.00000000          0.00000000    -52.77181112
283        11.64502487      0.00000000          0.00000000    -52.96523892
284        11.65242346      0.00000000          0.00000000    -53.15866843
285        11.65979606      0.00000000          0.00000000    -53.35209966
286        11.66714282      0.00000000          0.00000000    -53.54553260
287        11.67446395      0.00000000          0.00000000    -53.73896723
288        11.68175961      0.00000000          0.00000000    -53.93240354
289        11.68902998      0.00000000          0.00000000    -54.12584152
290        11.69627524      0.00000000          0.00000000    -54.31928117
291        11.70349555      0.00000000          0.00000000    -54.51272247
292        11.71069110      0.00000000          0.00000000    -54.70616542
293        11.71786205      0.00000000          0.00000000    -54.89961001
294        11.72500856      0.00000000          0.00000000    -55.09305622
295        11.73213081      0.00000000          0.00000000    -55.28650405
296        11.73922896      0.00000000          0.00000000    -55.47995348
297        11.74630316      0.00000000          0.00000000    -55.67340452
298        11.75335359      0.00000000          0.00000000    -55.86685715
299        11.76038040      0.00000000          0.00000000    -56.06031136
300        11.76738374      0.00000000          0.00000000    -56.25376714
301        11.77436378      0.00000000          0.00000000    -56.44722448
302        11.78132067      0.00000000          0.00000000    -56.64068339
303        11.78825456      0.00000000          0.00000000    -56.83414384
304        11.79516560      0.00000000          0.00000000    -57.02760582
305        11.80205395      0.00000000          0.00000000    -57.22106934
306        11.80891975      0.00000000          0.00000000    -57.41453438
307        11.81576315      0.00000000          0.00000000    -57.60800094
308        11.82258429      0.00000000          0.00000000    -57.80146900
309        11.82938333      0.00000000          0.00000000    -57.99493855
310        11.83616039      0.00000000          0.00000000    -58.18840960
311        11.84291563      0.00000000          0.00000000    -58.38188213
312        11.84964919      0.00000000          0.00000000    -58.57535613
313        11.85636119      0.00000000          0.00000000    -58.76883160
314        11.86305179      0.00000000          0.00000000    -58.96230853
315        11.86972111      0.00000000          0.00000000    -59.15578691
316        11.87636929      0.00000000          0.00000000    -59.34926673
317        11.88299647      0.00000000          0.00000000    -59.54274798
318        11.88960278      0.00000000          0.00000000    -59.73623067
319        11.89618834      0.00000000          0.00000000    -59.92971477
320        11.90275329      0.00000000          0.00000000    -60.12320029
321        11.90929776      0.00000000          0.00000000    -60.31668721
322        11.91582187      0.00000000          0.00000000    -60.51017553
323        11.92232575      0.00000000          0.00000000    -60.70366525
324        11.92880952      0.00000000          0.00000000    -60.89715635
325        11.93527332      0.00000000          0.00000000    -61.09064882
326        11.94171726      0.00000000          0.00000000    -61.28414266
327        11.94814146      0.00000000          0.00000000    -61.47763787
328        11.95454604      0.00000000          0.00000000    -61.67113444
329        11.96093113      0.00000000          0.00000000    -61.86463235
330        11.96729684      0.00000000          0.00000000    -62.05813161
331        11.97364329      0.00000000          0.00000000    -62.25163220
332        11.97997060      0.00000000          0.00000000    -62.44513412
333        11.98627887      0.00000000          0.00000000    -62.63863737
334        11.99256823      0.00000000          0.00000000    -62.83214193
335        11.99883879      0.00000000          0.00000000    -63.02564780
336        12.00509066      0.00000000          0.00000000    -63.21915497
337        12.01132395      0.00000000          0.00000000    -63.41266344
338        12.01753877      0.00000000          0.00000000    -63.60617320
339        12.02373523      0.00000000          0.00000000    -63.79968425
340        12.02991343      0.00000000          0.00000000    -63.99319657
341        12.03607350      0.00000000          0.00000000    -64.18671016
342        12.04221552      0.00000000          0.00000000    -64.38022502
343        12.04833961      0.00000000          0.00000000    -64.57374114
344        12.05444588      0.00000000          0.00000000    -64.76725851
345        12.06053441      0.00000000          0.00000000    -64.96077713
346        12.06660533      0.00000000          0.00000000    -65.15429699
347        12.07265873      0.00000000          0.00000000    -65.34781809
348        12.07869470      0.00000000          0.00000000    -65.54134041
349        12.08471336      0.00000000          0.00000000    -65.73486396
350        12.09071479      0.00000000          0.00000000    -65.92838873
351        12.09669910      0.00000000          0.00000000    -66.12191470
352        12.10266639      0.00000000          0.00000000    -66.31544189
353        12.10861675      0.00000000          0.00000000    -66.50897027
354        12.11455028      0.00000000          0.00000000    -66.70249985
355        12.12046706      0.00000000          0.00000000    -66.89603062
356        12.12636721      0.00000000          0.00000000    -67.08956257
357        12.13225080      0.00000000          0.00000000    -67.28309571
358        12.13811794      0.00000000          0.00000000    -67.47663001
359        12.14396871      0.00000000          0.00000000    -67.67016548
360        12.14980321      0.00000000          0.00000000    -67.86370212
361        12.15562152      0.00000000          0.00000000    -68.05723991
362        12.16142373      0.00000000          0.00000000    -68.25077885
363        12.16720994      0.00000000          0.00000000    -68.44431894
364        12.17298024      0.00000000          0.00000000    -68.63786017
365        12.17873470      0.00000000          0.00000000    -68.83140253
366        12.18447342      0.00000000          0.00000000    -69.02494603
367        12.19019648      0.00000000          0.00000000    -69.21849065
368        12.19590396      0.00000000          0.00000000    -69.41203639
369        12.20159596      0.00000000          0.00000000    -69.60558325
370        12.20727255      0.00000000          0.00000000    -69.79913121
371        12.21293383      0.00000000          0.00000000    -69.99268029
372        12.21857986      0.00000000          0.00000000    -70.18623046
373        12.22421074      0.00000000          0.00000000    -70.37978173
374        12.22982654      0.00000000          0.00000000    -70.57333409
375        12.23542734      0.00000000          0.00000000    -70.76688753
376        12.24101323      0.00000000          0.00000000    -70.96044206
377        12.24658428      0.00000000          0.00000000    -71.15399766
378        12.25214058      0.00000000          0.00000000    -71.34755434
379        12.25768219      0.00000000          0.00000000    -71.54111208
380        12.26320920      0.00000000          0.00000000    -71.73467088
381        12.26872169      0.00000000          0.00000000    -71.92823075
382        12.27421973      0.00000000          0.00000000    -72.12179166
383        12.27970339      0.00000000          0.00000000    -72.31535362
384        12.28517275      0.00000000          0.00000000    -72.50891663
385        12.29062789      0.00000000          0.00000000    -72.70248068
386        12.29606888      0.00000000          0.00000000    -72.89604576
387        12.30149579      0.00000000          0.00000000    -73.08961187
388        12.30690870      0.00000000          0.00000000    -73.28317901
389        12.31230767      0.00000000          0.00000000    -73.47674717
390        12.31769279      0.00000000          0.00000000    -73.67031635
391        12.32306411      0.00000000          0.00000000    -73.86388654
392        12.32842171      0.00000000          0.00000000    -74.05745774
393        12.33376566      0.00000000          0.00000000    -74.25102995
394        12.33909603      0.00000000          0.00000000    -74.44460316
395        12.34441289      0.00000000          0.00000000    -74.63817736
396        12.34971631      0.00000000          0.00000000    -74.83175255
397        12.35500635      0.00000000          0.00000000    -75.02532873
398        12.36028308      0.00000000          0.00000000    -75.21890590
399        12.36554657      0.00000000          0.00000000    -75.41248404
400        12.37079689      0.00000000          0.00000000    -75.60606316
401        12.37603409      0.00000000          0.00000000    -75.79964326
402        12.38125826      0.00000000          0.00000000    -75.99322432
403        12.38646944      0.00000000          0.00000000    -76.18680634
404        12.39166771      0.00000000          0.00000000    -76.38038932
405        12.39685312      0.00000000          0.00000000    -76.57397326
406        12.40202575      0.00000000          0.00000000    -76.76755815
407        12.40718566      0.00000000          0.00000000    -76.96114399
408        12.41233290      0.00000000          0.00000000    -77.15473077
409        12.41746754      0.00000000          0.00000000    -77.34831850
410        12.42258964      0.00000000          0.00000000    -77.54190715
411        12.42769927      0.00000000          0.00000000    -77.73549675
412        12.43279648      0.00000000          0.00000000    -77.92908727
413        12.43788133      0.00000000          0.00000000    -78.12267871
414        12.44295388      0.00000000          0.00000000    -78.31627108
415        12.44801420      0.00000000          0.00000000    -78.50986437
416        12.45306233      0.00000000          0.00000000    -78.70345857
417        12.45809835      0.00000000          0.00000000    -78.89705368
418        12.46312230      0.00000000          0.00000000    -79.09064969
419        12.46813425      0.00000000          0.00000000    -79.28424661
420        12.47313426      0.00000000          0.00000000    -79.47784443
421        12.47812237      0.00000000          0.00000000    -79.67144315
422        12.48309865      0.00000000          0.00000000    -79.86504276
423        12.48806315      0.00000000          0.00000000    -80.05864326
424        12.49301592      0.00000000          0.00000000    -80.25224464
425        12.49795703      0.00000000          0.00000000    -80.44584691
426        12.50288653      0.00000000          0.00000000    -80.63945005
427        12.50780447      0.00000000          0.00000000    -80.83305407
428        12.51271090      0.00000000          0.00000000    -81.02665896
429        12.51760589      0.00000000          0.00000000    -81.22026472
430        12.52248948      0.00000000          0.00000000    -81.41387135
431        12.52736172      0.00000000          0.00000000    -81.60747884
432        12.53222267      0.00000000          0.00000000    -81.80108719
433        12.53707238      0.00000000          0.00000000    -81.99469639
434        12.54191091      0.00000000          0.00000000    -82.18830644
435        12.54673830      0.00000000          0.00000000    -82.38191734
436        12.55155461      0.00000000          0.00000000    -82.57552909
437        12.55635988      0.00000000          0.00000000    -82.76914168
438        12.56115416      0.00000000          0.00000000    -82.96275511
439        12.56593752      0.00000000          0.00000000    -83.15636938
440        12.57070999      0.00000000          0.00000000    -83.34998448
441        12.57547163      0.00000000          0.00000000    -83.54360041
442        12.58022248      0.00000000          0.00000000    -83.73721716
443        12.58496259      0.00000000          0.00000000    -83.93083474
444        12.58969202      0.00000000          0.00000000    -84.12445314
445        12.59441081      0.00000000          0.00000000    -84.31807236
446        12.59911900      0.00000000          0.00000000    -84.51169239
447        12.60381665      0.00000000          0.00000000    -84.70531323
448        12.60850380      0.00000000          0.00000000    -84.89893489
449        12.61318051      0.00000000          0.00000000    -85.09255734
450        12.61784680      0.00000000          0.00000000    -85.28618060
451        12.62250274      0.00000000          0.00000000    -85.47980466
452        12.62714837      0.00000000          0.00000000    -85.67342951
453        12.63178373      0.00000000          0.00000000    -85.86705516
454        12.63640887      0.00000000          0.00000000    -86.06068160
455        12.64102384      0.00000000          0.00000000    -86.25430883
456        12.64562867      0.00000000          0.00000000    -86.44793684
457        12.65022341      0.00000000          0.00000000    -86.64156564
458        12.65480811      0.00000000          0.00000000    -86.83519521
459        12.65938282      0.00000000          0.00000000    -87.02882556
460        12.66394756      0.00000000          0.00000000    -87.22245668
461        12.66850240      0.00000000          0.00000000    -87.41608858
462        12.67304736      0.00000000          0.00000000    -87.60972124
463        12.67758250      0.00000000          0.00000000    -87.80335467
464        12.68210785      0.00000000          0.00000000    -87.99698886
465        12.68662346      0.00000000          0.00000000    -88.19062381
466        12.69112937      0.00000000          0.00000000    -88.38425952
467        12.69562562      0.00000000          0.00000000    -88.57789598
468        12.70011225      0.00000000          0.00000000    -88.77153319
469        12.70458931      0.00000000          0.00000000    -88.96517116
470        12.70905683      0.00000000          0.00000000    -89.15880987
471        12.71351485      0.00000000          0.00000000    -89.35244932
472        12.71796342      0.00000000          0.00000000    -89.54608952
473        12.72240258      0.00000000          0.00000000    -89.73973045
474        12.72683236      0.00000000          0.00000000    -89.93337212
475        12.73125280      0.00000000          0.00000000    -90.12701452
476        12.73566395      0.00000000          0.00000000    -90.32065766
477        12.74006584      0.00000000          0.00000000    -90.51430152
478        12.74445851      0.00000000          0.00000000    -90.70794611
479        12.74884200      0.00000000          0.00000000    -90.90159142
480        12.75321635      0.00000000          0.00000000    -91.09523746
481        12.75758160      0.00000000          0.00000000    -91.28888421
482        12.76193778      0.00000000          0.00000000    -91.48253167
483        12.76628493      0.00000000          0.00000000    -91.67617986
484        12.77062309      0.00000000          0.00000000    -91.86982875
485        12.77495230      0.00000000          0.00000000    -92.06347835
486        12.77927259      0.00000000          0.00000000    -92.25712866
487        12.78358400      0.00000000          0.00000000    -92.45077967
488        12.78788656      0.00000000          0.00000000    -92.64443138
489        12.79218032      0.00000000          0.00000000    -92.83808379
490        12.79646531      0.00000000          0.00000000    -93.03173690
491        12.80074156      0.00000000          0.00000000    -93.22539070
492        12.80500911      0.00000000          0.00000000    -93.41904520
493        12.80926799      0.00000000          0.00000000    -93.61270038
494        12.81351825      0.00000000          0.00000000    -93.80635625
495        12.81775991      0.00000000          0.00000000    -94.00001281
496        12.82199301      0.00000000          0.00000000    -94.19367005
497        12.82621758      0.00000000          0.00000000    -94.38732797
498        12.83043366      0.00000000          0.00000000    -94.58098657
499        12.83464129      0.00000000          0.00000000    -94.77464584
500        12.83884049      0.00000000          0.00000000    -94.96830579
501        12.84303130      0.00000000          0.00000000    -95.16196641
502        12.84721375      0.00000000          0.00000000    -95.35562770
503        12.85138788      0.00000000          0.00000000    -95.54928965
504        12.85555372      0.00000000          0.00000000    -95.74295227
505        12.85971131      0.00000000          0.00000000    -95.93661555
506        12.86386066      0.00000000          0.00000000    -96.13027950
507        12.86800183      0.00000000          0.00000000    -96.32394410
508        12.87213484      0.00000000          0.00000000    -96.51760936
509        12.87625971      0.00000000          0.00000000    -96.71127527
510        12.88037650      0.00000000          0.00000000    -96.90494183
511        12.88448522      0.00000000          0.00000000    -97.09860905
512        12.88858590      0.00000000          0.00000000    -97.29227691
513        12.89267859      0.00000000          0.00000000    -97.48594542
514        12.89676330      0.00000000          0.00000000    -97.67961457
515        12.90084007      0.00000000          0.00000000    -97.87328436
516        12.90490894      0.00000000          0.00000000    -98.06695479
517        12.90896993      0.00000000          0.00000000    -98.26062586
518        12.91302307      0.00000000          0.00000000    -98.45429757
519        12.91706839      0.00000000          0.00000000    -98.64796990
520        12.92110593      0.00000000          0.00000000    -98.84164287
521        12.92513571      0.00000000          0.00000000    -99.03531647
522        12.92915777      0.00000000          0.00000000    -99.22899070
523        12.93317212      0.00000000          0.00000000    -99.42266555
524        12.93717881      0.00000000          0.00000000    -99.61634102
525        12.94117786      0.00000000          0.00000000    -99.81001712
526        12.94516929      0.00000000          0.00000000   -100.00369383
527        12.94915315      0.00000000          0.00000000   -100.19737117
528        12.95312946      0.00000000          0.00000000   -100.39104911
529        12.95709824      0.00000000          0.00000000   -100.58472768
530        12.96105952      0.00000000          0.00000000   -100.77840685
531        12.96501334      0.00000000          0.00000000   -100.97208663
532        12.96895972      0.00000000          0.00000000   -101.16576702
533        12.97289869      0.00000000          0.00000000   -101.35944802
534        12.97683027      0.00000000          0.00000000   -101.55312962
535        12.98075450      0.00000000          0.00000000   -101.74681182
536        12.98467140      0.00000000          0.00000000   -101.94049463
537        12.98858100      0.00000000          0.00000000   -102.13417803
538        12.99248333      0.00000000          0.00000000   -102.32786203
539        12.99637841      0.00000000          0.00000000   -102.52154662
540        13.00026627      0.00000000          0.00000000   -102.71523181
541        13.00414694      0.00000000          0.00000000   -102.90891758
542        13.00802044      0.00000000          0.00000000   -103.10260395
543        13.01188680      0.00000000          0.00000000   -103.29629090
544        13.01574605      0.00000000          0.00000000   -103.48997845
545        13.01959820      0.00000000          0.00000000   -103.68366657
546        13.02344330      0.00000000          0.00000000   -103.87735528
547        13.02728136      0.00000000          0.00000000   -104.07104456
548        13.03111241      0.00000000          0.00000000   -104.26473443
549        13.03493648      0.00000000          0.00000000   -104.45842487
550        13.03875359      0.00000000          0.00000000   -104.65211589
551        13.04256376      0.00000000          0.00000000   -104.84580748
552        13.04636703      0.00000000          0.00000000   -105.03949964
553        13.05016341      0.00000000          0.00000000   -105.23319237
554        13.05395293      0.00000000          0.00000000   -105.42688567
555        13.05773562      0.00000000          0.00000000   -105.62057954
556        13.06151150      0.00000000          0.00000000   -105.81427398
557        13.06528059      0.00000000          0.00000000   -106.00796897
558        13.06904292      0.00000000          0.00000000   -106.20166453
559        13.07279852      0.00000000          0.00000000   -106.39536065
560        13.07654740      0.00000000          0.00000000   -106.58905732
561        13.08028960      0.00000000          0.00000000   -106.78275455
562        13.08402513      0.00000000          0.00000000   -106.97645234
563        13.08775402      0.00000000          0.00000000   -107.17015068
564        13.09147629      0.00000000          0.00000000   -107.36384957
565        13.09519197      0.00000000          0.00000000   -107.55754902
566        13.09890108      0.00000000          0.00000000   -107.75124901
567        13.10260364      0.00000000          0.00000000   -107.94494955
568        13.10629968      0.00000000          0.00000000   -108.13865063
569        13.10998921      0.00000000          0.00000000   -108.33235226
570        13.11367227      0.00000000          0.00000000   -108.52605443
571        13.11734887      0.00000000          0.00000000   -108.71975713
572        13.12101903      0.00000000          0.00000000   -108.91346038
573        13.12468279      0.00000000          0.00000000   -109.10716417
574        13.12834016      0.00000000          0.00000000   -109.30086849
575        13.13199116      0.00000000          0.00000000   -109.49457335
576        13.13563582      0.00000000          0.00000000   -109.68827874
577        13.13927415      0.00000000          0.00000000   -109.88198466
578        13.14290619      0.00000000          0.00000000   -110.07569111
579        13.14653195      0.00000000          0.00000000   -110.26939808
580        13.15015145      0.00000000          0.00000000   -110.46310559
581        13.15376471      0.00000000          0.00000000   -110.65681362
582        13.15737176      0.00000000          0.00000000   -110.85052217
583        13.16097262      0.00000000          0.00000000   -111.04423125
584        13.16456731      0.00000000          0.00000000   -111.23794084
585        13.16815585      0.00000000          0.00000000   -111.43165096
586        13.17173826      0.00000000          0.00000000   -111.62536159
587        13.17531456      0.00000000          0.00000000   -111.81907274
588        13.17888477      0.00000000          0.00000000   -112.01278441
589        13.18244892      0.00000000          0.00000000   -112.20649659
590        13.18600702      0.00000000          0.00000000   -112.40020928
591        13.18955910      0.00000000          0.00000000   -112.59392248
592        13.19310517      0.00000000          0.00000000   -112.78763619
593        13.19664525      0.00000000          0.00000000   -112.98135041
594        13.20017937      0.00000000          0.00000000   -113.17506513
595        13.20370755      0.00000000          0.00000000   -113.36878036
596        13.20722980      0.00000000          0.00000000   -113.56249609
597        13.21074615      0.00000000          0.00000000   -113.75621233
598        13.21425661      0.00000000          0.00000000   -113.94992906
599        13.21776120      0.00000000          0.00000000   -114.14364629
600        13.22125995      0.00000000          0.00000000   -114.33736403
601        13.22475288      0.00000000          0.00000000   -114.53108226
602        13.22823999      0.00000000          0.00000000   -114.72480098
603        13.23172132      0.00000000          0.00000000   -114.91852020
604        13.23519688      0.00000000          0.00000000   -115.11223991
605        13.23866669      0.00000000          0.00000000   -115.30596011
606        13.24213077      0.00000000          0.00000000   -115.49968080
607        13.24558914      0.00000000          0.00000000   -115.69340198
608        13.24904181      0.00000000          0.00000000   -115.88712365
609        13.25248882      0.00000000          0.00000000   -116.08084580
610        13.25593016      0.00000000          0.00000000   -116.27456843
611        13.25936587      0.00000000          0.00000000   -116.46829155
612        13.26279596      0.00000000          0.00000000   -116.66201516
613        13.26622045      0.00000000          0.00000000   -116.85573924
614        13.26963936      0.00000000          0.00000000   -117.04946380
615        13.27305271      0.00000000          0.00000000   -117.24318884
616        13.27646051      0.00000000          0.00000000   -117.43691435
617        13.27986278      0.00000000          0.00000000   -117.63064035
618        13.28325954      0.00000000          0.00000000   -117.82436681
619        13.28665081      0.00000000          0.00000000   -118.01809375
620        13.29003661      0.00000000          0.00000000   -118.21182116
621        13.29341694      0.00000000          0.00000000   -118.40554904
622        13.29679184      0.00000000          0.00000000   -118.59927739
623        13.30016132      0.00000000          0.00000000   -118.79300621
624        13.30352540      0.00000000          0.00000000   -118.98673549
625        13.30688409      0.00000000          0.00000000   -119.18046524
626        13.31023740      0.00000000          0.00000000   -119.37419545
627        13.31358537      0.00000000          0.00000000   -119.56792613
628        13.31692800      0.00000000          0.00000000   -119.76165726
629        13.32026531      0.00000000          0.00000000   -119.95538886
630        13.32359732      0.00000000          0.00000000   -120.14912092
631        13.32692405      0.00000000          0.00000000   -120.34285343
632        13.33024550      0.00000000          0.00000000   -120.53658641
633        13.33356171      0.00000000          0.00000000   -120.73031983
634        13.33687268      0.00000000          0.00000000   -120.92405372
635        13.34017844      0.00000000          0.00000000   -121.11778805
636        13.34347899      0.00000000          0.00000000   -121.31152284
637        13.34677435      0.00000000          0.00000000   -121.50525808
638        13.35006455      0.00000000          0.00000000   -121.69899376
639        13.35334959      0.00000000          0.00000000   -121.89272990
640        13.35662950      0.00000000          0.00000000   -122.08646648
641        13.35990429      0.00000000          0.00000000   -122.28020351
642        13.36317397      0.00000000          0.00000000   -122.47394099
643        13.36643856      0.00000000          0.00000000   -122.66767891
644        13.36969808      0.00000000          0.00000000   -122.86141727
645        13.37295254      0.00000000          0.00000000   -123.05515607
646        13.37620196      0.00000000          0.00000000   -123.24889532
647        13.37944635      0.00000000          0.00000000   -123.44263500
648        13.38268574      0.00000000          0.00000000   -123.63637512
649        13.38592012      0.00000000          0.00000000   -123.83011568
650        13.38914953      0.00000000          0.00000000   -124.02385667
651        13.39237397      0.00000000          0.00000000   -124.21759810
652        13.39559347      0.00000000          0.00000000   -124.41133997
653        13.39880803      0.00000000          0.00000000   -124.60508226
654        13.40201767      0.00000000          0.00000000   -124.79882499
655        13.40522241      0.00000000          0.00000000   -124.99256815
656        13.40842225      0.00000000          0.00000000   -125.18631174
657        13.41161723      0.00000000          0.00000000   -125.38005575
658        13.41480734      0.00000000          0.00000000   -125.57380020
659        13.41799261      0.00000000          0.00000000   -125.76754506
660        13.42117305      0.00000000          0.00000000   -125.96129036
661        13.42434868      0.00000000          0.00000000   -126.15503608
662        13.42751950      0.00000000          0.00000000   -126.34878222
663        13.43068554      0.00000000          0.00000000   -126.54252878
664        13.43384681      0.00000000          0.00000000   -126.73627577
665        13.43700332      0.00000000          0.00000000   -126.93002317
666        13.44015508      0.00000000          0.00000000   -127.12377099
667        13.44330212      0.00000000          0.00000000   -127.31751923
668        13.44644444      0.00000000          0.00000000   -127.51126789
669        13.44958207      0.00000000          0.00000000   -127.70501696
670        13.45271500      0.00000000          0.00000000   -127.89876645
671        13.45584326      0.00000000          0.00000000   -128.09251635
672        13.45896687      0.00000000          0.00000000   -128.28626667
673        13.46208583      0.00000000          0.00000000   -128.48001739
674        13.46520016      0.00000000          0.00000000   -128.67376853
675        13.46830987      0.00000000          0.00000000   -128.86752008
676        13.47141498      0.00000000          0.00000000   -129.06127203
677        13.47451549      0.00000000          0.00000000   -129.25502439
678        13.47761144      0.00000000          0.00000000   -129.44877716
679        13.48070282      0.00000000          0.00000000   -129.64253033
680        13.48378964      0.00000000          0.00000000   -129.83628391
681        13.48687194      0.00000000          0.00000000   -130.03003789
682        13.48994971      0.00000000          0.00000000   -130.22379228
683        13.49302297      0.00000000          0.00000000   -130.41754707
684        13.49609173      0.00000000          0.00000000   -130.61130225
685        13.49915601      0.00000000          0.00000000   -130.80505784
686        13.50221582      0.00000000          0.00000000   -130.99881383
687        13.50527118      0.00000000          0.00000000   -131.19257021
688        13.50832209      0.00000000          0.00000000   -131.38632699
689        13.51136857      0.00000000          0.00000000   -131.58008417
690        13.51441063      0.00000000          0.00000000   -131.77384174
691        13.51744828      0.00000000          0.00000000   -131.96759970
692        13.52048154      0.00000000          0.00000000   -132.16135806
693        13.52351042      0.00000000          0.00000000   -132.35511681
694        13.52653494      0.00000000          0.00000000   -132.54887595
695        13.52955510      0.00000000          0.00000000   -132.74263548
696        13.53257091      0.00000000          0.00000000   -132.93639540
697        13.53558240      0.00000000          0.00000000   -133.13015571
698        13.53858957      0.00000000          0.00000000   -133.32391641
699        13.54159243      0.00000000          0.00000000   -133.51767749
700        13.54459100      0.00000000          0.00000000   -133.71143896
701        13.54758529      0.00000000          0.00000000   -133.90520081
702        13.55057531      0.00000000          0.00000000   -134.09896305
703        13.55356108      0.00000000          0.00000000   -134.29272567
704        13.55654260      0.00000000          0.00000000   -134.48648867
705        13.55951989      0.00000000          0.00000000   -134.68025205
706        13.56249296      0.00000000          0.00000000   -134.87401582
707        13.56546182      0.00000000          0.00000000   -135.06777996
708        13.56842649      0.00000000          0.00000000   -135.26154448
709        13.57138697      0.00000000          0.00000000   -135.45530938
710        13.57434327      0.00000000          0.00000000   -135.64907465
711        13.57729542      0.00000000          0.00000000   -135.84284031
712        13.58024342      0.00000000          0.00000000   -136.03660633
713        13.58318728      0.00000000          0.00000000   -136.23037273
714        13.58612701      0.00000000          0.00000000   -136.42413950
715        13.58906263      0.00000000          0.00000000   -136.61790665
716        13.59199415      0.00000000          0.00000000   -136.81167417
717        13.59492158      0.00000000          0.00000000   -137.00544205
718        13.59784492      0.00000000          0.00000000   -137.19921031
719        13.60076420      0.00000000          0.00000000   -137.39297894
720        13.60367942      0.00000000          0.00000000   -137.58674793
721        13.60659059      0.00000000          0.00000000   -137.78051729
722        13.60949773      0.00000000          0.00000000   -137.97428702
723        13.61240084      0.00000000          0.00000000   -138.16805711
724        13.61529995      0.00000000          0.00000000   -138.36182757
725        13.61819505      0.00000000          0.00000000   -138.55559839
726        13.62108616      0.00000000          0.00000000   -138.74936957
727        13.62397329      0.00000000          0.00000000   -138.94314112
728        13.62685645      0.00000000          0.00000000   -139.13691303
729        13.62973565      0.00000000          0.00000000   -139.33068529
730        13.63261091      0.00000000          0.00000000   -139.52445792
731        13.63548223      0.00000000          0.00000000   -139.71823091
732        13.63834963      0.00000000          0.00000000   -139.91200425
733        13.64121311      0.00000000          0.00000000   -140.10577796
734        13.64407269      0.00000000          0.00000000   -140.29955201
735        13.64692837      0.00000000          0.00000000   -140.49332643
736        13.64978017      0.00000000          0.00000000   -140.68710120
737        13.65262810      0.00000000          0.00000000   -140.88087632
738        13.65547217      0.00000000          0.00000000   -141.07465180
739        13.65831239      0.00000000          0.00000000   -141.26842763
740        13.66114877      0.00000000          0.00000000   -141.46220381
741        13.66398131      0.00000000          0.00000000   -141.65598034
742        13.66681004      0.00000000          0.00000000   -141.84975722
743        13.66963495      0.00000000          0.00000000   -142.04353445
744        13.67245607      0.00000000          0.00000000   -142.23731203
745        13.67527340      0.00000000          0.00000000   -142.43108996
746        13.67808695      0.00000000          0.00000000   -142.62486823
747        13.68089673      0.00000000          0.00000000   -142.81864685
748        13.68370275      0.00000000          0.00000000   -143.01242582
749        13.68650502      0.00000000          0.00000000   -143.20620513
750        13.68930355      0.00000000          0.00000000   -143.39998478
751        13.69209835      0.00000000          0.00000000   -143.59376478
752        13.69488944      0.00000000          0.00000000   -143.78754512
753        13.69767682      0.00000000          0.00000000   -143.98132580
754        13.70046049      0.00000000          0.00000000   -144.17510682
755        13.70324048      0.00000000          0.00000000   -144.36888818
756        13.70601679      0.00000000          0.00000000   -144.56266989
757        13.70878942      0.00000000          0.00000000   -144.75645193
758        13.71155840      0.00000000          0.00000000   -144.95023430
759        13.71432373      0.00000000          0.00000000   -145.14401702
760        13.71708541      0.00000000          0.00000000   -145.33780007
761        13.71984347      0.00000000          0.00000000   -145.53158346
762        13.72259790      0.00000000          0.00000000   -145.72536718
763        13.72534872      0.00000000          0.00000000   -145.91915124
764        13.72809594      0.00000000          0.00000000   -146.11293563
765        13.73083956      0.00000000          0.00000000   -146.30672035
766        13.73357960      0.00000000          0.00000000   -146.50050541
767        13.73631607      0.00000000          0.00000000   -146.69429080
768        13.73904897      0.00000000          0.00000000   -146.88807652
769        13.74177831      0.00000000          0.00000000   -147.08186256
770        13.74450410      0.00000000          0.00000000   -147.27564894
771        13.74722636      0.00000000          0.00000000   -147.46943565
772        13.74994509      0.00000000          0.00000000   -147.66322268
773        13.75266030      0.00000000          0.00000000   -147.85701004
774        13.75537200      0.00000000          0.00000000   -148.05079773
775        13.75808020      0.00000000          0.00000000   -148.24458574
776        13.76078491      0.00000000          0.00000000   -148.43837408
777        13.76348613      0.00000000          0.00000000   -148.63216274
778        13.76618388      0.00000000          0.00000000   -148.82595172
779        13.76887817      0.00000000          0.00000000   -149.01974103
780        13.77156900      0.00000000          0.00000000   -149.21353066
781        13.77425638      0.00000000          0.00000000   -149.40732062
782        13.77694032      0.00000000          0.00000000   -149.60111089
783        13.77962083      0.00000000          0.00000000   -149.79490148
784        13.78229792      0.00000000          0.00000000   -149.98869240
785        13.78497160      0.00000000          0.00000000   -150.18248363
786        13.78764187      0.00000000          0.00000000   -150.37627518
787        13.79030875      0.00000000          0.00000000   -150.57006705
788        13.79297224      0.00000000          0.00000000   -150.76385923
789        13.79563236      0.00000000          0.00000000   -150.95765173
790        13.79828910      0.00000000          0.00000000   -151.15144455
791        13.80094249      0.00000000          0.00000000   -151.34523768
792        13.80359252      0.00000000          0.00000000   -151.53903112
793        13.80623921      0.00000000          0.00000000   -151.73282488
794        13.80888256      0.00000000          0.00000000   -151.92661896
795        13.81152259      0.00000000          0.00000000   -152.12041334
796        13.81415929      0.00000000          0.00000000   -152.31420804
797        13.81679269      0.00000000          0.00000000   -152.50800304
798        13.81942278      0.00000000          0.00000000   -152.70179836
799        13.82204958      0.00000000          0.00000000   -152.89559399
800        13.82467310      0.00000000          0.00000000   -153.08938992
801        13.82729334      0.00000000          0.00000000   -153.28318617
802        13.82991031      0.00000000          0.00000000   -153.47698272
803        13.83252401      0.00000000          0.00000000   -153.67077958
804        13.83513447      0.00000000          0.00000000   -153.86457674
805        13.83774168      0.00000000          0.00000000   -154.05837422
806        13.84034565      0.00000000          0.00000000   -154.25217199
807        13.84294639      0.00000000          0.00000000   -154.44597007
808        13.84554392      0.00000000          0.00000000   -154.63976846
809        13.84813823      0.00000000          0.00000000   -154.83356715
810        13.85072933      0.00000000          0.00000000   -155.02736614
811        13.85331724      0.00000000          0.00000000   -155.22116543
812        13.85590196      0.00000000          0.00000000   -155.41496503
813        13.85848350      0.00000000          0.00000000   -155.60876492
814        13.86106187      0.00000000          0.00000000   -155.80256512
815        13.86363707      0.00000000          0.00000000   -155.99636561
816        13.86620911      0.00000000          0.00000000   -156.19016641
817        13.86877800      0.00000000          0.00000000   -156.38396750
818        13.87134375      0.00000000          0.00000000   -156.57776889
819        13.87390637      0.00000000          0.00000000   -156.77157058
820        13.87646585      0.00000000          0.00000000   -156.96537257
821        13.87902222      0.00000000          0.00000000   -157.15917485
822        13.88157548      0.00000000          0.00000000   -157.35297743
823        13.88412563      0.00000000          0.00000000   -157.54678030
824        13.88667269      0.00000000          0.00000000   -157.74058346
825        13.88921665      0.00000000          0.00000000   -157.93438692
826        13.89175754      0.00000000          0.00000000   -158.12819067
827        13.89429535      0.00000000          0.00000000   -158.32199472
828        13.89683009      0.00000000          0.00000000   -158.51579906
829        13.89936178      0.00000000          0.00000000   -158.70960368
830        13.90189041      0.00000000          0.00000000   -158.90340860
831        13.90441599      0.00000000          0.00000000   -159.09721381
832        13.90693854      0.00000000          0.00000000   -159.29101931
833        13.90945806      0.00000000          0.00000000   -159.48482510
834        13.91197456      0.00000000          0.00000000   -159.67863117
835        13.91448804      0.00000000          0.00000000   -159.87243754
836        13.91699852      0.00000000          0.00000000   -160.06624419
837        13.91950599      0.00000000          0.00000000   -160.26005113
838        13.92201047      0.00000000          0.00000000   -160.45385835
839        13.92451196      0.00000000          0.00000000   -160.64766586
840        13.92701047      0.00000000          0.00000000   -160.84147365
841        13.92950601      0.00000000          0.00000000   -161.03528173
842        13.93199858      0.00000000          0.00000000   -161.22909010
843        13.93448819      0.00000000          0.00000000   -161.42289874
844        13.93697486      0.00000000          0.00000000   -161.61670767
845        13.93945858      0.00000000          0.00000000   -161.81051688
846        13.94193936      0.00000000          0.00000000   -162.00432638
847        13.94441721      0.00000000          0.00000000   -162.19813615
848        13.94689213      0.00000000          0.00000000   -162.39194620
849        13.94936414      0.00000000          0.00000000   -162.58575654
850        13.95183324      0.00000000          0.00000000   -162.77956715
851        13.95429944      0.00000000          0.00000000   -162.97337805
852        13.95676274      0.00000000          0.00000000   -163.16718922
853        13.95922315      0.00000000          0.00000000   -163.36100067
854        13.96168068      0.00000000          0.00000000   -163.55481239
855        13.96413533      0.00000000          0.00000000   -163.74862440
856        13.96658711      0.00000000          0.00000000   -163.94243668
857        13.96903603      0.00000000          0.00000000   -164.13624923
858        13.97148210      0.00000000          0.00000000   -164.33006206
859        13.97392531      0.00000000          0.00000000   -164.52387517
860        13.97636569      0.00000000          0.00000000   -164.71768855
861        13.97880322      0.00000000          0.00000000   -164.91150220
862        13.98123793      0.00000000          0.00000000   -165.10531613
863        13.98366981      0.00000000          0.00000000   -165.29913033
864        13.98609888      0.00000000          0.00000000   -165.49294480
865        13.98852514      0.00000000          0.00000000   -165.68675954
866        13.99094860      0.00000000          0.00000000   -165.88057455
867        13.99336925      0.00000000          0.00000000   -166.07438984
868        13.99578712      0.00000000          0.00000000   -166.26820539
869        13.99820221      0.00000000          0.00000000   -166.46202121
870        14.00061451      0.00000000          0.00000000   -166.65583730
871        14.00302405      0.00000000          0.00000000   -166.84965366
872        14.00543082      0.00000000          0.00000000   -167.04347029
873        14.00783483      0.00000000          0.00000000   -167.23728719
874        14.01023609      0.00000000          0.00000000   -167.43110435
875        14.01263460      0.00000000          0.00000000   -167.62492178
876        14.01503038      0.00000000          0.00000000   -167.81873947
877        14.01742342      0.00000000          0.00000000   -168.01255743
878        14.01981373      0.00000000          0.00000000   -168.20637566
879        14.02220132      0.00000000          0.00000000   -168.40019415
880        14.02458620      0.00000000          0.00000000   -168.59401290
881        14.02696837      0.00000000          0.00000000   -168.78783192
882        14.02934784      0.00000000          0.00000000   -168.98165120
883        14.03172461      0.00000000          0.00000000   -169.17547074
884        14.03409869      0.00000000          0.00000000   -169.36929054
885        14.03647009      0.00000000          0.00000000   -169.56311061
886        14.03883880      0.00000000          0.00000000   -169.75693094
887        14.04120485      0.00000000          0.00000000   -169.95075152
888        14.04356823      0.00000000          0.00000000   -170.14457237
889        14.04592895      0.00000000          0.00000000   -170.33839347
890        14.04828702      0.00000000          0.00000000   -170.53221484
891        14.05064244      0.00000000          0.00000000   -170.72603646
892        14.05299521      0.00000000          0.00000000   -170.91985834
893        14.05534535      0.00000000          0.00000000   -171.11368048
894        14.05769286      0.00000000          0.00000000   -171.30750288
895        14.06003775      0.00000000          0.00000000   -171.50132553
896        14.06238002      0.00000000          0.00000000   -171.69514844
897        14.06471967      0.00000000          0.00000000   -171.88897160
898        14.06705672      0.00000000          0.00000000   -172.08279502
899        14.06939116      0.00000000          0.00000000   -172.27661870
900        14.07172302      0.00000000          0.00000000   -172.47044263
901        14.07405228      0.00000000          0.00000000   -172.66426681
902        14.07637896      0.00000000          0.00000000   -172.85809124
903        14.07870306      0.00000000          0.00000000   -173.05191593
904        14.08102458      0.00000000          0.00000000   -173.24574087
905        14.08334354      0.00000000          0.00000000   -173.43956607
906        14.08565994      0.00000000          0.00000000   -173.63339151
907        14.08797379      0.00000000          0.00000000   -173.82721720
908        14.09028508      0.00000000          0.00000000   -174.02104315
909        14.09259384      0.00000000          0.00000000   -174.21486935
910        14.09490005      0.00000000          0.00000000   -174.40869579
911        14.09720373      0.00000000          0.00000000   -174.60252248
912        14.09950488      0.00000000          0.00000000   -174.79634943
913        14.10180351      0.00000000          0.00000000   -174.99017662
914        14.10409962      0.00000000          0.00000000   -175.18400406
915        14.10639323      0.00000000          0.00000000   -175.37783174
916        14.10868432      0.00000000          0.00000000   -175.57165968
917        14.11097292      0.00000000          0.00000000   -175.76548786
918        14.11325903      0.00000000          0.00000000   -175.95931628
919        14.11554264      0.00000000          0.00000000   -176.15314495
920        14.11782377      0.00000000          0.00000000   -176.34697387
921        14.12010243      0.00000000          0.00000000   -176.54080303
922        14.12237861      0.00000000          0.00000000   -176.73463244
923        14.12465232      0.00000000          0.00000000   -176.92846209
924        14.12692357      0.00000000          0.00000000   -177.12229198
925        14.12919236      0.00000000          0.00000000   -177.31612212
926        14.13145871      0.00000000          0.00000000   -177.50995249
927        14.13372260      0.00000000          0.00000000   -177.70378311
928        14.13598406      0.00000000          0.00000000   -177.89761397
929        14.13824308      0.00000000          0.00000000   -178.09144508
930        14.14049967      0.00000000          0.00000000   -178.28527642
931        14.14275383      0.00000000          0.00000000   -178.47910801
932        14.14500558      0.00000000          0.00000000   -178.67293983
933        14.14725491      0.00000000          0.00000000   -178.86677189
934        14.14950183      0.00000000          0.00000000   -179.06060420
935        14.15174635      0.00000000          0.00000000   -179.25443674
936        14.15398846      0.00000000          0.00000000   -179.44826952
937        14.15622818      0.00000000          0.00000000   -179.64210253
938        14.15846552      0.00000000          0.00000000   -179.83593579
939        14.16070047      0.00000000          0.00000000   -180.02976928
940        14.16293304      0.00000000          0.00000000   -180.22360301
941        14.16516324      0.00000000          0.00000000   -180.41743697
942        14.16739106      0.00000000          0.00000000   -180.61127117
943        14.16961653      0.00000000          0.00000000   -180.80510561
944        14.17183963      0.00000000          0.00000000   -180.99894028
945        14.17406039      0.00000000          0.00000000   -181.19277518
946        14.17627879      0.00000000          0.00000000   -181.38661032
947        14.17849485      0.00000000          0.00000000   -181.58044569
948        14.18070857      0.00000000          0.00000000   -181.77428130
949        14.18291996      0.00000000          0.00000000   -181.96811714
950        14.18512901      0.00000000          0.00000000   -182.16195321
951        14.18733575      0.00000000          0.00000000   -182.35578951
952        14.18954016      0.00000000          0.00000000   -182.54962605
953        14.19174226      0.00000000          0.00000000   -182.74346281
954        14.19394205      0.00000000          0.00000000   -182.93729981
955        14.19613954      0.00000000          0.00000000   -183.13113704
956        14.19833472      0.00000000          0.00000000   -183.32497449
957        14.20052761      0.00000000          0.00000000   -183.51881218
958        14.20271821      0.00000000          0.00000000   -183.71265010
959        14.20490653      0.00000000          0.00000000   -183.90648824
960        14.20709256      0.00000000          0.00000000   -184.10032661
961        14.20927632      0.00000000          0.00000000   -184.29416521
962        14.21145781      0.00000000          0.00000000   -184.48800404
963        14.21363703      0.00000000          0.00000000   -184.68184310
964        14.21581399      0.00000000          0.00000000   -184.87568238
965        14.21798869      0.00000000          0.00000000   -185.06952189
966        14.22016114      0.00000000          0.00000000   -185.26336163
967        14.22233134      0.00000000          0.00000000   -185.45720159
968        14.22449930      0.00000000          0.00000000   -185.65104178
969        14.22666502      0.00000000          0.00000000   -185.84488219
970        14.22882851      0.00000000          0.00000000   -186.03872282
971        14.23098977      0.00000000          0.00000000   -186.23256368
972        14.23314880      0.00000000          0.00000000   -186.42640477
973        14.23530561      0.00000000          0.00000000   -186.62024607
974        14.23746021      0.00000000          0.00000000   -186.81408760
975        14.23961260      0.00000000          0.00000000   -187.00792936
976        14.24176278      0.00000000          0.00000000   -187.20177133
977        14.24391075      0.00000000          0.00000000   -187.39561353
978        14.24605653      0.00000000          0.00000000   -187.58945595
979        14.24820012      0.00000000          0.00000000   -187.78329859
980        14.25034152      0.00000000          0.00000000   -187.97714145
981        14.25248073      0.00000000          0.00000000   -188.17098453
982        14.25461777      0.00000000          0.00000000   -188.36482783
983        14.25675263      0.00000000          0.00000000   -188.55867135
984        14.25888532      0.00000000          0.00000000   -188.75251509
985        14.26101584      0.00000000          0.00000000   -188.94635905
986        14.26314420      0.00000000          0.00000000   -189.14020323
987        14.26527041      0.00000000          0.00000000   -189.33404762
988        14.26739446      0.00000000          0.00000000   -189.52789224
989        14.26951636      0.00000000          0.00000000   -189.72173707
990        14.27163612      0.00000000          0.00000000   -189.91558212
991        14.27375374      0.00000000          0.00000000   -190.10942738
992        14.27586922      0.00000000          0.00000000   -190.30327286
993        14.27798257      0.00000000          0.00000000   -190.49711856
994        14.28009379      0.00000000          0.00000000   -190.69096447
995        14.28220289      0.00000000          0.00000000   -190.88481060
996        14.28430987      0.00000000          0.00000000   -191.07865694
997        14.28641474      0.00000000          0.00000000   -191.27250350
998        14.28851750      0.00000000          0.00000000   -191.46635027
999        14.29061815      0.00000000          0.00000000   -191.66019726
1000       14.29271670      0.00000000          0.00000000   -191.85404445
