   Pt    0.00000000    0.00000000    1.277798369
   Pt    0.00000000    0.30607496    1.27546388
   Pt    0.00000000    0.61214991    1.27125726
   Pt    0.00000000    0.91822487    1.268731913
   Pt    0.00000000    1.22429982    1.267836654
   Pt    0.00000000    1.53037478    1.267698069
   Pt    0.00000000    1.83644973    1.268555556
   Pt    0.00000000    2.14252469    1.27047955
   Pt    0.00000000    2.44859965    1.274250219
   Pt    0.00000000    2.75467460    1.279029158
   Pt    0.00000000    3.06074956    1.281538699
   Pt    0.66078358    0.00000000    1.276146736
   Pt    0.66078358    0.30607496    1.276171537
   Pt    0.66078358    0.61214991    1.276348345
   Pt    0.66078358    0.91822487    1.277547804
   Pt    0.66078358    1.22429982    1.28019861
   Pt    0.66078358    1.53037478    1.282584999
   Pt    0.66078358    1.83644973    1.2809406
   Pt    0.66078358    2.14252469    1.278422967
   Pt    0.66078358    2.44859965    1.277252769
   Pt    0.66078358    2.75467460    1.277154375
   Pt    0.66078358    3.06074956    1.277193313
   Pt    1.32156717    0.00000000    1.296155435
   Pt    1.32156717    0.30607496    1.276554623
   Pt    1.32156717    0.61214991    1.292996072
   Pt    1.32156717    0.91822487    1.276325059
   Pt    1.32156717    1.22429982    1.275439624
   Pt    1.32156717    1.53037478    1.274593995
   Pt    1.32156717    1.83644973    1.275555611
   Pt    1.32156717    2.14252469    1.276491769
   Pt    1.32156717    2.44859965    1.27704391
   Pt    1.32156717    2.75467460    1.292875666
   Pt    1.32156717    3.06074956    1.293303784
   Pt    1.98235075    0.00000000    1.305663041
   Pt    1.98235075    0.30607496    1.277473726
   Pt    1.98235075    0.61214991    1.292995929
   Pt    1.98235075    0.91822487    1.293082963
   Pt    1.98235075    1.22429982    1.27167828
   Pt    1.98235075    1.53037478    1.267508637
   Pt    1.98235075    1.83644973    1.271440905
   Pt    1.98235075    2.14252469    1.293084201
   Pt    1.98235075    2.44859965    1.290320445
   Pt    1.98235075    2.75467460    1.295538447
   Pt    1.98235075    3.06074956    1.292703829
   Pt    2.64313433    0.00000000    1.277198071
   Pt    2.64313433    0.30607496    1.29486051
   Pt    2.64313433    0.61214991    1.293069201
   Pt    2.64313433    0.91822487    1.275758379
   Pt    2.64313433    1.22429982    1.274141768
   Pt    2.64313433    1.53037478    1.272538165
   Pt    2.64313433    1.83644973    1.273985707
   Pt    2.64313433    2.14252469    1.27554107
   Pt    2.64313433    2.44859965    1.29304133
   Pt    2.64313433    2.75467460    1.293075931
   Pt    2.64313433    3.06074956    1.295984606
   Pt    3.30391792    0.00000000    1.277127956
   Pt    3.30391792    0.30607496    1.277107215
   Pt    3.30391792    0.61214991    1.277270552
   Pt    3.30391792    0.91822487    1.278772006
   Pt    3.30391792    1.22429982    1.281868817
   Pt    3.30391792    1.53037478    1.283769467
   Pt    3.30391792    1.83644973    1.281214168
   Pt    3.30391792    2.14252469    1.277801788
   Pt    3.30391792    2.44859965    1.276075269
   Pt    3.30391792    2.75467460    1.275627611
   Pt    3.30391792    3.06074956    1.275384836
   Pt    3.96470150    0.00000000    1.28265262
   Pt    3.96470150    0.30607496    1.28067331
   Pt    3.96470150    0.61214991    1.276407165
   Pt    3.96470150    0.91822487    1.273342245
   Pt    3.96470150    1.22429982    1.271814163
   Pt    3.96470150    1.53037478    1.270797258
   Pt    3.96470150    1.83644973    1.270520496
   Pt    3.96470150    2.14252469    1.270964366
   Pt    3.96470150    2.44859965    1.2731263
   Pt    3.96470150    2.75467460    1.27648499
   Pt    3.96470150    3.06074956    1.277544483
   Pt    4.62548508    0.00000000    1.289241489
   Pt    4.62548508    0.30607496    1.286019546
   Pt    4.62548508    0.61214991    1.279010069
   Pt    4.62548508    0.91822487    1.271317085
   Pt    4.62548508    1.22429982    1.266266814
   Pt    4.62548508    1.53037478    1.264231921
   Pt    4.62548508    1.83644973    1.264878372
   Pt    4.62548508    2.14252469    1.268826571
   Pt    4.62548508    2.44859965    1.275701879
   Pt    4.62548508    2.75467460    1.282477997
   Pt    4.62548508    3.06074956    1.285350835
   Pt    5.28626866    0.00000000    1.296151934
   Pt    5.28626866    0.30607496    1.293496674
   Pt    5.28626866    0.61214991    1.286679329
   Pt    5.28626866    0.91822487    1.278788503
   Pt    5.28626866    1.22429982    1.272771641
   Pt    5.28626866    1.53037478    1.270865517
   Pt    5.28626866    1.83644973    1.271378454
   Pt    5.28626866    2.14252469    1.27645706
   Pt    5.28626866    2.44859965    1.28405457
   Pt    5.28626866    2.75467460    1.29114772
   Pt    5.28626866    3.06074956    1.294386993
   Pt    5.94705225    0.00000000    1.290103307
   Pt    5.94705225    0.30607496    1.287016106
   Pt    5.94705225    0.61214991    1.279785417
   Pt    5.94705225    0.91822487    1.271963679
   Pt    5.94705225    1.22429982    1.266593783
   Pt    5.94705225    1.53037478    1.264551284
   Pt    5.94705225    1.83644973    1.265478023
   Pt    5.94705225    2.14252469    1.269765212
   Pt    5.94705225    2.44859965    1.288335247
   Pt    5.94705225    2.75467460    1.284250586
   Pt    5.94705225    3.06074956    1.288781867
   Pt    6.60783583    0.00000000    1.282864005
   Pt    6.60783583    0.30607496    1.280043983
   Pt    6.60783583    0.61214991    1.274947746
   Pt    6.60783583    0.91822487    1.270949829
   Pt    6.60783583    1.22429982    1.268586455
   Pt    6.60783583    1.53037478    1.26743295
   Pt    6.60783583    1.83644973    1.267493326
   Pt    6.60783583    2.14252469    1.268477681
   Pt    6.60783583    2.44859965    1.27088922
   Pt    6.60783583    2.75467460    1.274525258
   Pt    6.60783583    3.06074956    1.277364536
